-41.80000000000025
-26.400000000000034
-20.69999999999996
-40.500000000000234
-25.20000000000016
-1.5999999999999925
-16.799999999999976
-28.400000000000205
-15.800000000000026
-22.399999999999977
-13.599999999999985
-5.09999999999998
-16.899999999999974
-15.499999999999979
-12.09999999999999
1.0999999999999979
-14.100000000000001
-0.3999999999999968
-3.099999999999987
-0.6999999999999957
0.10000000000000142
-3.399999999999986
-13.299999999999986
-9.099999999999966
-1.0999999999999943
-7.399999999999972
-6.0999999999999766
-7.399999999999972
-2.7999999999999883
-0.6999999999999957
-0.29999999999999716
-4.099999999999984
0.8999999999999986
0.5999999999999996
-3.8999999999999844
0.40000000000000036
1.199999999999998
1.299999999999998
0.8999999999999986
1.299999999999998
0.40000000000000036
1.199999999999998
-6.699999999999974
0.8999999999999986
0.9999999999999982
1.0999999999999979
1.6999999999999984
2.599999999999999
-5.19999999999998
0.5999999999999996
0.5
2.199999999999999
0.5999999999999996
-1.7999999999999918
0.10000000000000142
-0.3999999999999968
0.5999999999999996
-1.199999999999994
2.399999999999999
0.7999999999999989
-1.7999999999999918
0.6999999999999993
2.399999999999999
1.6999999999999984
-9.6
-2.1999999999999904
-0.09999999999999787
-0.3999999999999968
2.599999999999999
1.7999999999999985
1.0999999999999979
2.599999999999999
1.9999999999999987
1.7999999999999985
2.199999999999999
2.199999999999999
1.0999999999999979
1.8999999999999986
2.299999999999999
2.7999999999999994
2.399999999999999
2.0999999999999988
1.7999999999999985
-2.899999999999988
-3.499999999999986
0.8999999999999986
-12.19999999999999
-1.3999999999999932
-1.0999999999999943
1.8999999999999986
0.9999999999999982
-9.7
-8.800000000000002
-10.399999999999997
0.6999999999999993
0.10000000000000142
-0.6999999999999957
-10.499999999999996
0.9999999999999982
-10.499999999999996