-36.00000000000031
-34.200000000000145
-18.199999999999967
-26.400000000000034
-24.60000000000001
-22.50000000000012
-11.099999999999959
-21.89999999999997
-2.7999999999999883
-21.19999999999996
-3.399999999999986
-6.299999999999976
-7.699999999999971
-2.29999999999999
-8.400000000000002
-2.3999999999999897
-0.5999999999999961
0.8999999999999986
-6.999999999999973
-0.49999999999999645
0.40000000000000036
0.40000000000000036
0.6999999999999993
-14.89999999999998
-0.1999999999999975
-5.09999999999998
0.20000000000000107
0.5
1.8999999999999986
0.5
2.6999999999999993
1.8999999999999986
-0.7999999999999954
-2.9999999999999876
0.20000000000000107
-2.899999999999988
-5.19999999999998
-2.3999999999999897
1.199999999999998
1.7763568394002505e-15
-0.29999999999999716
0.8999999999999986
1.199999999999998
-0.3999999999999968
-1.5999999999999925
0.8999999999999986
2.499999999999999
1.7763568394002505e-15
0.40000000000000036
1.6999999999999984
2.199999999999999
0.7999999999999989
2.6999999999999993
1.9999999999999987
0.3000000000000007
2.0999999999999988
2.599999999999999
0.10000000000000142
2.599999999999999
2.299999999999999
2.6999999999999993
2.499999999999999
2.7999999999999994
2.6999999999999993
1.299999999999998
2.299999999999999
2.6999999999999993
1.9999999999999987
2.7999999999999994
2.7999999999999994
2.6999999999999993
-1.5999999999999925
2.499999999999999
2.6999999999999993
2.0999999999999988
2.8999999999999995
2.8999999999999995
0.7999999999999989
1.4999999999999982
-2.9999999999999876
2.499999999999999
2.599999999999999
2.8999999999999995
2.9999999999999996
1.199999999999998
2.599999999999999
1.6999999999999984
3.0999999999999996
2.399999999999999
2.199999999999999
1.7999999999999985
2.8999999999999995
-0.49999999999999645
2.399999999999999
1.3999999999999981
2.9999999999999996
2.0999999999999988
2.6999999999999993
2.599999999999999
3.0999999999999996