-32.700000000000124
-21.300000000000104
-34.50000000000015
-35.90000000000017
-12.799999999999988
-18.600000000000065
-12.199999999999974
-14.300000000000004
-8.699999999999967
-28.700000000000067
-17.100000000000044
-2.7999999999999883
-9.399999999999965
-7.699999999999971
-0.49999999999999645
-1.7999999999999918
0.5999999999999996
-1.0999999999999943
-4.099999999999984
-3.499999999999986
0.40000000000000036
0.3000000000000007
-0.6999999999999957
0.7999999999999989
-3.499999999999986
-3.499999999999986
0.20000000000000107
-2.899999999999988
-1.6999999999999922
-1.2999999999999936
1.9999999999999987
0.5
0.10000000000000142
-1.5999999999999925
3.0999999999999996
-1.7999999999999918
1.5999999999999983
0.10000000000000142
2.0999999999999988
1.8999999999999986
0.9999999999999982
1.9999999999999987
1.5999999999999983
0.9999999999999982
-4.899999999999981
-0.7999999999999954
2.0999999999999988
1.9999999999999987
1.3999999999999981
2.399999999999999
2.8999999999999995
1.7999999999999985
2.599999999999999
2.499999999999999
1.299999999999998
2.8999999999999995
1.8999999999999986
-0.49999999999999645
1.7999999999999985
2.199999999999999
2.6999999999999993
2.399999999999999
2.199999999999999
1.6999999999999984
2.299999999999999
2.499999999999999
1.6999999999999984
1.7763568394002505e-15
-3.8999999999999844
1.199999999999998
1.4999999999999982
1.4999999999999982
1.6999999999999984
2.399999999999999
0.7999999999999989
1.4999999999999982
2.399999999999999
0.6999999999999993
1.3999999999999981
1.299999999999998
2.399999999999999
2.399999999999999
1.7999999999999985
1.9999999999999987
0.40000000000000036
1.9999999999999987
0.6999999999999993
1.8999999999999986
2.199999999999999
1.0999999999999979
1.6999999999999984
2.299999999999999
1.8999999999999986
2.399999999999999
1.8999999999999986
2.0999999999999988
2.9999999999999996
2.199999999999999
2.0999999999999988
2.299999999999999