-28.90000000000021
-24.60000000000001
-50.20000000000037
-2.9999999999999876
-33.90000000000014
-13.099999999999987
-32.20000000000012
-3.5999999999999854
-12.399999999999977
-17.49999999999997
-4.9999999999999805
-21.0000000000001
-13.799999999999985
-4.899999999999981
-19.79999999999996
0.40000000000000036
-1.5999999999999925
-3.999999999999984
1.7763568394002505e-15
-0.6999999999999957
-11.399999999999993
-1.0999999999999943
-9.199999999999966
-3.7999999999999847
-10.699999999999996
-3.699999999999985
0.5
-0.6999999999999957
-12.09999999999999
1.7999999999999985
0.5999999999999996
1.5999999999999983
-2.1999999999999904
-10.499999999999996
-5.19999999999998
-9.3
1.199999999999998
0.40000000000000036
-9.6
-0.1999999999999975
-10.199999999999998
-10.599999999999996
-15.499999999999979
0.8999999999999986
-10.499999999999996
-5.399999999999979
-9.200000000000001
-1.499999999999993
1.7999999999999985
1.5999999999999983
-2.599999999999989
1.299999999999998
0.3000000000000007
0.8999999999999986
-0.6999999999999957
1.199999999999998
-1.8999999999999915
-12.09999999999999
0.40000000000000036
-9.4
-10.999999999999995
0.6999999999999993
-1.199999999999994
0.9999999999999982
0.10000000000000142
2.499999999999999
-10.699999999999996
0.8999999999999986
0.9999999999999982
-1.199999999999994
-1.7999999999999918
0.6999999999999993
-0.899999999999995
-3.8999999999999844
1.9999999999999987
-1.9999999999999911
-1.199999999999994
-2.29999999999999
2.0999999999999988
-16.099999999999977
-1.7999999999999918
-2.29999999999999
-1.199999999999994
0.10000000000000142
0.5
-11.699999999999992
-3.8999999999999844
-0.5999999999999961
-0.49999999999999645
-8.800000000000002
-1.0999999999999943
-1.0999999999999943
-2.3999999999999897
-1.9999999999999911
-4.299999999999983
-10.899999999999995
-1.9999999999999911
0.6999999999999993
-0.29999999999999716
-9.000000000000002
-28.90000000000021
-24.60000000000001
-50.20000000000037
-2.9999999999999876
-33.90000000000014
-13.099999999999987
-32.20000000000012
-3.5999999999999854
-12.399999999999977
-17.49999999999997
-4.9999999999999805
-21.0000000000001
-13.799999999999985
-4.899999999999981
-19.79999999999996
0.40000000000000036
-1.5999999999999925
-3.999999999999984
1.7763568394002505e-15
-0.6999999999999957
-11.399999999999993
-1.0999999999999943
-9.199999999999966
-3.7999999999999847
-10.699999999999996
-3.699999999999985
0.5
-0.6999999999999957
-12.09999999999999
1.7999999999999985
0.5999999999999996
1.5999999999999983
-2.1999999999999904
-10.499999999999996
-5.19999999999998
-9.3
1.199999999999998
0.40000000000000036
-9.6
-0.1999999999999975
-10.199999999999998
-10.599999999999996
-15.499999999999979
0.8999999999999986
-10.499999999999996
-5.399999999999979
-9.200000000000001
-1.499999999999993
1.7999999999999985
1.5999999999999983
-2.599999999999989
1.299999999999998
0.3000000000000007
0.8999999999999986
-0.6999999999999957
1.199999999999998
-1.8999999999999915
-12.09999999999999
0.40000000000000036
-9.4
-10.999999999999995
0.6999999999999993
-1.199999999999994
0.9999999999999982
0.10000000000000142
2.499999999999999
-10.699999999999996
0.8999999999999986
0.9999999999999982
-1.199999999999994
-1.7999999999999918
0.6999999999999993
-0.899999999999995
-3.8999999999999844
1.9999999999999987
-1.9999999999999911
-1.199999999999994
-2.29999999999999
2.0999999999999988
-16.099999999999977
-1.7999999999999918
-2.29999999999999
-1.199999999999994
0.10000000000000142
0.5
-11.699999999999992
-3.8999999999999844
-0.5999999999999961
-0.49999999999999645
-8.800000000000002
-1.0999999999999943
-1.0999999999999943
-2.3999999999999897
-1.9999999999999911
-4.299999999999983
-10.899999999999995
-1.9999999999999911
0.6999999999999993
-0.29999999999999716
-9.000000000000002
-28.90000000000021
-24.60000000000001
-50.20000000000037
-2.9999999999999876
-33.90000000000014
-13.099999999999987
-32.20000000000012
-3.5999999999999854
-12.399999999999977
-17.49999999999997
-4.9999999999999805
-21.0000000000001
-13.799999999999985
-4.899999999999981
-19.79999999999996
0.40000000000000036
-1.5999999999999925
-3.999999999999984
1.7763568394002505e-15
-0.6999999999999957
-11.399999999999993
-1.0999999999999943
-9.199999999999966
-3.7999999999999847
-10.699999999999996
-3.699999999999985
0.5
-0.6999999999999957
-12.09999999999999
1.7999999999999985
0.5999999999999996
1.5999999999999983
-2.1999999999999904
-10.499999999999996
-5.19999999999998
-9.3
1.199999999999998
0.40000000000000036
-9.6
-0.1999999999999975
-10.199999999999998
-10.599999999999996
-15.499999999999979
0.8999999999999986
-10.499999999999996
-5.399999999999979
-9.200000000000001
-1.499999999999993
1.7999999999999985
1.5999999999999983
-2.599999999999989
1.299999999999998
0.3000000000000007
0.8999999999999986
-0.6999999999999957
1.199999999999998
-1.8999999999999915
-12.09999999999999
0.40000000000000036
-9.4
-10.999999999999995
0.6999999999999993
-1.199999999999994
0.9999999999999982
0.10000000000000142
2.499999999999999
-10.699999999999996
0.8999999999999986
0.9999999999999982
-1.199999999999994
-1.7999999999999918
0.6999999999999993
-0.899999999999995
-3.8999999999999844
1.9999999999999987
-1.9999999999999911
-1.199999999999994
-2.29999999999999
2.0999999999999988
-16.099999999999977
-1.7999999999999918
-2.29999999999999
-1.199999999999994
0.10000000000000142
0.5
-11.699999999999992
-3.8999999999999844
-0.5999999999999961
-0.49999999999999645
-8.800000000000002
-1.0999999999999943
-1.0999999999999943
-2.3999999999999897
-1.9999999999999911
-4.299999999999983
-10.899999999999995
-1.9999999999999911
0.6999999999999993
-0.29999999999999716
-9.000000000000002