-40.80000000000024
-37.20000000000019
-51.40000000000039
-37.50000000000019
-24.500000000000007
-27.100000000000044
-13.999999999999984
-15.600000000000023
-23.600000000000136
-7.199999999999973
-3.099999999999987
-8.09999999999997
0.9999999999999982
-2.899999999999988
-15.399999999999979
-0.1999999999999975
-8.499999999999968
-5.799999999999978
0.10000000000000142
-0.1999999999999975
-8.399999999999968
-10.199999999999962
-2.7999999999999883
-15.599999999999978
0.10000000000000142
-1.9999999999999911
-1.6999999999999922
0.3000000000000007
-5.09999999999998
-9.100000000000001
2.199999999999999
-0.29999999999999716
0.7999999999999989
-2.9999999999999876
-2.7999999999999883
-2.7999999999999883
1.9999999999999987
-1.0999999999999943
0.6999999999999993
-4.499999999999982
-0.1999999999999975
0.3000000000000007
1.0999999999999979
0.5
-9.000000000000002
1.199999999999998
0.8999999999999986
1.3999999999999981
-2.6999999999999886
-1.0999999999999943
0.9999999999999982
-10.499999999999996
1.199999999999998
2.299999999999999
0.9999999999999982
2.0999999999999988
0.40000000000000036
1.8999999999999986
1.4999999999999982
0.9999999999999982
1.299999999999998
2.399999999999999
2.8999999999999995
2.499999999999999
2.6999999999999993
2.6999999999999993
3.0999999999999996
1.4999999999999982
2.599999999999999
2.6999999999999993
0.7999999999999989
1.8999999999999986
2.7999999999999994
-15.799999999999978
2.199999999999999
2.6999999999999993
0.40000000000000036
2.399999999999999
2.0999999999999988
1.9999999999999987
2.0999999999999988
2.299999999999999
2.6999999999999993
2.6999999999999993
2.399999999999999
2.299999999999999
2.8999999999999995
2.299999999999999
1.7999999999999985
1.4999999999999982
2.6999999999999993
2.6999999999999993
2.299999999999999
2.499999999999999
1.9999999999999987
0.9999999999999982
1.4999999999999982
1.199999999999998
0.9999999999999982
2.399999999999999